52.7989 51.8318
53.7584 53.28
53.8247 52.617
54.1478 50.8209
52.9293 51.4802
51.9086 50.2115
52.751 50.9857
53.1911 52.6706
52.3316 50.6335
51.6483 50.3882
51.9185 52.4484
51.5957 51.8492
52.4766 52.5291
51.6353 51.5136
52.0814 49.8643
53.6668 53.0384
52.6362 52.625
54.1196 51.7472
53.3305 50.8088
53.8247 52.617
52.9293 51.4802
55.0984 52.5488
53.1911 52.6706
51.9185 52.4484
54.9433 52.8666
52.4766 52.5291
55.4934 52.5207
53.6668 53.0384
55.8701 53.2595
52.6362 52.625
54.1196 51.7472
55.2369 51.2759
54.1478 50.8209
52.9293 51.4802
55.0984 52.5488
52.751 50.9857
53.1911 52.6706
51.9185 52.4484
54.9433 52.8666
52.4766 52.5291
55.4934 52.5207
53.6668 53.0384
55.8701 53.2595
52.6362 52.625
54.1196 51.7472
53.3305 50.8088
55.2369 51.2759
54.8157 50.5514
55.9938 51.4012
52.9293 51.4802
54.2954 48.8029
55.0984 52.5488
54.4612 49.1779
55.6559 51.1178
55.5873 49.641
52.751 50.9857
53.8243 49.4888
53.1911 52.6706
52.3316 50.6335
54.9433 52.8666
55.4934 52.5207
53.0882 48.9157
55.951 51.5384
54.1196 51.7472
55.8159 50.0584
53.3305 50.8088
54.8157 50.5514
51.9086 50.2115
52.751 50.9857
53.8243 49.4888
53.1911 52.6706
52.3316 50.6335
51.6483 50.3882
51.9185 52.4484
51.5957 51.8492
52.4766 52.5291
51.6353 51.5136
52.0814 49.8643
53.6668 53.0384
52.6362 52.625
54.1196 51.7472
53.3305 50.8088
50.2748 51.6774
52.751 50.9857
53.8243 49.4888
52.3316 50.6335
51.6483 50.3882
51.4426 48.4793
51.5957 51.8492
52.3966 49.1531
51.6353 51.5136
52.0814 49.8643
53.0882 48.9157
53.3305 50.8088
54.8157 50.5514
53.8243 49.4888
53.1911 52.6706
52.3316 50.6335
51.6483 50.3882
51.9185 52.4484
51.5957 51.8492
52.4766 52.5291
52.3966 49.1531
51.6353 51.5136
52.0814 49.8643
53.0882 48.9157
52.6362 52.625
54.1196 51.7472
53.3305 50.8088
55.0984 52.5488
51.9185 52.4484
51.5957 51.8492
54.9433 52.8666
52.4766 52.5291
51.6353 51.5136
53.6668 53.0384
52.6362 52.625
54.1196 51.7472
53.3305 50.8088
53.8243 49.4888
51.6483 50.3882
51.9185 52.4484
51.5957 51.8492
52.4766 52.5291
52.3966 49.1531
51.6353 51.5136
52.0814 49.8643
53.0882 48.9157
52.6362 52.625
54.1196 51.7472
53.3305 50.8088
50.2748 51.6774
51.4426 48.4793
51.9185 52.4484
51.5957 51.8492
52.3966 49.1531
51.6353 51.5136
52.0814 49.8643
53.0882 48.9157
53.3305 50.8088
50.2748 51.6774
51.5957 51.8492
52.4766 52.5291
51.6353 51.5136
53.6668 53.0384
52.6362 52.625
53.3305 50.8088
50.2748 51.6774
52.4766 52.5291
51.6353 51.5136
52.0814 49.8643
52.6362 52.625
53.3305 50.8088
51.6353 51.5136
53.6668 53.0384
52.6362 52.625
54.1196 51.7472
53.3305 50.8088
50.2748 51.6774
52.0814 49.8643
52.6362 52.625
53.3305 50.8088
53.6125 48.3517
51.4186 47.9726
53.8243 49.4888
51.4426 48.4793
52.3966 49.1531
53.0882 48.9157
53.3305 50.8088
55.0984 52.5488
54.9433 52.8666
55.4934 52.5207
52.6362 52.625
54.1196 51.7472
54.1196 51.7472
53.3305 50.8088
55.2369 51.2759
54.8157 50.5514
55.9938 51.4012
55.0984 52.5488
55.6559 51.1178
54.9433 52.8666
55.4934 52.5207
55.951 51.5384
53.3305 50.8088
55.2369 51.2759
54.8157 50.5514
54.4612 49.1779
53.8243 49.4888
52.3966 49.1531
53.0882 48.9157
55.2369 51.2759
54.8157 50.5514
55.9938 51.4012
56.9538 52.698
55.7571 54.4415
56.3635 51.1761
55.6559 51.1178
56.8066 53.6405
56.2896 52.503
54.9433 52.8666
56.4548 51.0443
55.4934 52.5207
55.951 51.5384
56.4226 52.3117
55.8701 53.2595
55.2369 51.2759
55.9938 51.4012
56.9538 52.698
55.7571 54.4415
55.6559 51.1178
56.8066 53.6405
56.2896 52.503
55.4934 52.5207
55.951 51.5384
56.4226 52.3117
55.8701 53.2595
55.2369 51.2759
54.8157 50.5514
55.9938 51.4012
56.9538 52.698
55.7571 54.4415
56.3635 51.1761
55.6559 51.1178
57.1754 51.6728
56.8066 53.6405
56.2896 52.503
56.4548 51.0443
55.951 51.5384
56.4226 52.3117
55.8701 53.2595
56.7528 54.8515
55.2369 51.2759
55.9938 51.4012
56.9538 52.698
55.7571 54.4415
56.3635 51.1761
55.6559 51.1178
57.1754 51.6728
56.8066 53.6405
56.2896 52.503
55.951 51.5384
56.4226 52.3117
56.0688 49.4576
54.8157 50.5514
55.9938 51.4012
56.2499 49.9585
56.5696 50.2075
56.9348 49.9121
56.3635 51.1761
55.6559 51.1178
55.5873 49.641
57.1754 51.6728
56.4209 49.7268
56.2896 52.503
56.4548 51.0443
55.951 51.5384
56.4226 52.3117
55.8159 50.0584
56.0688 49.4576
55.613 48.5441
55.9938 51.4012
54.2954 48.8029
56.2499 49.9585
56.5696 50.2075
54.4612 49.1779
55.4365 48.9049
54.1172 48.5853
56.3635 51.1761
55.6559 51.1178
55.5873 49.641
53.8243 49.4888
55.8301 48.8757
56.4209 49.7268
56.4548 51.0443
55.951 51.5384
55.8159 50.0584
56.0688 49.4576
56.2499 49.9585
56.5696 50.2075
56.9538 52.698
56.9348 49.9121
56.3635 51.1761
55.6559 51.1178
55.5873 49.641
57.1754 51.6728
56.4209 49.7268
56.2896 52.503
56.4548 51.0443
55.951 51.5384
56.4226 52.3117
58.0128 51.4767
57.0085 49.8057
55.8159 50.0584
53.3505 46.9599
56.0688 49.4576
55.613 48.5441
53.6125 48.3517
55.5578 48.472
54.4612 49.1779
55.4365 48.9049
54.1172 48.5853
55.5873 49.641
53.415 47.3042
53.8243 49.4888
55.8301 48.8757
55.4125 48.0214
52.3966 49.1531
53.0882 48.9157
54.8815 46.7238
55.8159 50.0584
56.0688 49.4576
55.613 48.5441
53.6125 48.3517
56.2499 49.9585
55.5578 48.472
55.4365 48.9049
54.1172 48.5853
55.5873 49.641
53.415 47.3042
53.8243 49.4888
56.6585 49.2265
55.8301 48.8757
56.4209 49.7268
55.4125 48.0214
52.3966 49.1531
53.0882 48.9157
55.8159 50.0584
56.0688 49.4576
56.2499 49.9585
56.5696 50.2075
56.9538 52.698
56.9348 49.9121
56.3635 51.1761
55.5873 49.641
57.1754 51.6728
56.6585 49.2265
56.4209 49.7268
56.2896 52.503
56.4548 51.0443
55.951 51.5384
56.4226 52.3117
57.0085 49.8057
55.8159 50.0584
56.0688 49.4576
55.613 48.5441
57.7736 49.7403
56.2499 49.9585
56.5696 50.2075
55.5578 48.472
56.1987 47.6543
56.7873 48.4613
55.4365 48.9049
56.9348 49.9121
54.1172 48.5853
56.3635 51.1761
53.8243 49.4888
57.3326 48.7033
56.6585 49.2265
55.8301 48.8757
56.4209 49.7268
55.4125 48.0214
56.4548 51.0443
55.951 51.5384
57.3998 49.6836
57.737 49.1869
57.0085 49.8057
55.8159 50.0584
55.613 48.5441
53.6125 48.3517
55.5578 48.472
55.4365 48.9049
54.1172 48.5853
55.8301 48.8757
55.4125 48.0214
52.3966 49.1531
53.0882 48.9157
55.8159 50.0584
53.3505 46.9599
53.6125 48.3517
51.4186 47.9726
54.1172 48.5853
51.5488 47.6386
53.415 47.3042
51.4426 48.4793
52.3966 49.1531
56.0688 49.4576
56.2499 49.9585
56.5696 50.2075
56.9538 52.698
56.9348 49.9121
56.3635 51.1761
57.1754 51.6728
56.4209 49.7268
56.2896 52.503
56.4548 51.0443
56.4226 52.3117
58.0128 51.4767
57.0085 49.8057
55.8159 50.0584
56.0688 49.4576
55.613 48.5441
57.7736 49.7403
56.2499 49.9585
56.5696 50.2075
55.5578 48.472
56.7873 48.4613
55.4365 48.9049
56.9348 49.9121
56.3635 51.1761
57.1754 51.6728
57.3326 48.7033
56.6585 49.2265
55.8301 48.8757
56.4209 49.7268
55.4125 48.0214
56.4548 51.0443
57.3998 49.6836
57.737 49.1869
57.0085 49.8057
50.4098 47.611
53.6125 48.3517
51.4186 47.9726
51.5488 47.6386
52.3966 49.1531
52.4235 46.5843
50.1418 47.7553
53.6125 48.3517
51.4186 47.9726
54.1172 48.5853
51.5488 47.6386
53.415 47.3042
53.3505 46.9599
55.613 48.5441
55.5578 48.472
55.4365 48.9049
54.1172 48.5853
54.0618 46.3938
51.5488 47.6386
53.415 47.3042
52.972 46.2685
55.4125 48.0214
54.8815 46.7238
52.4235 46.5843
53.3505 46.9599
50.4098 47.611
51.5488 47.6386
53.415 47.3042
52.4235 46.5843
50.1418 47.7553
56.7528 54.8515
58.3532 53.0445
58.5247 52.3346
58.4606 51.4055
55.7571 54.4415
56.3635 51.1761
57.1754 51.6728
56.8066 53.6405
56.2896 52.503
56.4548 51.0443
58.7299 52.7603
56.4226 52.3117
58.0128 51.4767
56.7528 54.8515
56.8066 53.6405
56.2896 52.503
56.0688 49.4576
57.7736 49.7403
56.2499 49.9585
56.5696 50.2075
58.4606 51.4055
56.9348 49.9121
57.1754 51.6728
56.6585 49.2265
56.4209 49.7268
56.2896 52.503
56.4548 51.0443
57.3998 49.6836
56.4226 52.3117
58.0128 51.4767
57.0085 49.8057
56.7528 54.8515
58.3532 53.0445
58.5247 52.3346
57.1754 51.6728
56.2896 52.503
58.7299 52.7603
56.4226 52.3117
58.3532 53.0445
57.1754 51.6728
56.4548 51.0443
56.4226 52.3117
58.0128 51.4767
56.0688 49.4576
57.7736 49.7403
56.2499 49.9585
56.5696 50.2075
58.4606 51.4055
56.9348 49.9121
58.3622 50.0735
57.1754 51.6728
56.6585 49.2265
56.4209 49.7268
57.3998 49.6836
56.4226 52.3117
58.0128 51.4767
57.0085 49.8057
58.3532 53.0445
58.5247 52.3346
56.5696 50.2075
57.1754 51.6728
58.0128 51.4767
58.3532 53.0445
58.5247 52.3346
57.7736 49.7403
56.2499 49.9585
56.5696 50.2075
58.4606 51.4055
56.9348 49.9121
59.263 51.3952
58.3622 50.0735
56.4209 49.7268
58.7299 52.7603
57.3998 49.6836
58.0128 51.4767
57.0085 49.8057
58.2585 49.7789
56.6567 56.7424
55.613 48.5441
57.7736 49.7403
56.2499 49.9585
56.5696 50.2075
55.5578 48.472
56.1987 47.6543
57.0862 47.8622
56.7873 48.4613
58.0555 48.9826
55.4365 48.9049
56.9348 49.9121
54.1172 48.5853
57.3326 48.7033
56.6585 49.2265
55.8301 48.8757
56.4209 49.7268
55.4125 48.0214
57.3998 49.6836
57.737 49.1869
57.0085 49.8057
55.613 48.5441
57.7736 49.7403
56.5696 50.2075
55.5578 48.472
56.7873 48.4613
58.0555 48.9826
55.4365 48.9049
56.9348 49.9121
58.3622 50.0735
57.3326 48.7033
56.6585 49.2265
55.8301 48.8757
56.4209 49.7268
55.4125 48.0214
57.3998 49.6836
57.737 49.1869
57.0085 49.8057
58.2585 49.7789
55.613 48.5441
57.7736 49.7403
55.5578 48.472
56.7873 48.4613
58.0555 48.9826
55.4365 48.9049
56.9348 49.9121
58.3622 50.0735
58.5196 49.4811
57.3326 48.7033
56.6585 49.2265
55.8301 48.8757
56.4209 49.7268
57.3998 49.6836
58.0128 51.4767
57.737 49.1869
57.0085 49.8057
58.2585 49.7789
55.613 48.5441
57.7736 49.7403
55.5578 48.472
58.4606 51.4055
57.0862 47.8622
56.7873 48.4613
58.0555 48.9826
55.4365 48.9049
58.3622 50.0735
58.5196 49.4811
57.3326 48.7033
56.6585 49.2265
55.8301 48.8757
56.4209 49.7268
57.3998 49.6836
58.0128 51.4767
57.737 49.1869
57.0085 49.8057
58.2585 49.7789
55.613 48.5441
57.7736 49.7403
55.5578 48.472
56.1987 47.6543
57.0862 47.8622
56.7873 48.4613
58.0555 48.9826
55.4365 48.9049
58.3622 50.0735
58.5196 49.4811
57.3326 48.7033
56.6585 49.2265
55.8301 48.8757
55.4125 48.0214
57.3998 49.6836
57.737 49.1869
57.0085 49.8057
58.2585 49.7789
55.5578 48.472
56.1987 47.6543
57.0862 47.8622
56.7873 48.4613
55.4365 48.9049
54.1172 48.5853
57.4556 47.4279
57.3326 48.7033
56.6585 49.2265
55.8301 48.8757
55.4125 48.0214
56.5634 47.2081
57.3998 49.6836
54.8815 46.7238
57.0085 49.8057
55.5578 48.472
56.1987 47.6543
57.0862 47.8622
56.7873 48.4613
54.1172 48.5853
57.3326 48.7033
56.6585 49.2265
55.8301 48.8757
55.4125 48.0214
56.5634 47.2081
57.3998 49.6836
57.0085 49.8057
53.3505 46.9599
55.5578 48.472
54.0618 46.3938
53.415 47.3042
55.8301 48.8757
55.4125 48.0214
54.8815 46.7238
57.7736 49.7403
55.5578 48.472
56.1987 47.6543
57.0862 47.8622
56.7873 48.4613
57.4556 47.4279
57.3326 48.7033
56.6585 49.2265
55.4125 48.0214
56.5634 47.2081
57.3998 49.6836
57.737 49.1869
57.0085 49.8057
59.2478 50.0004
58.3532 53.0445
58.5247 52.3346
57.7736 49.7403
59.5457 51.8993
58.4606 51.4055
59.3106 52.4108
59.6422 50.369
59.263 51.3952
58.3622 50.0735
59.9732 51.2243
59.3128 52.8687
58.5196 49.4811
58.7299 52.7603
59.521 50.334
59.653 50.2805
57.3998 49.6836
60.0208 52.1807
57.0085 49.8057
58.2585 49.7789
58.7194 48.5424
57.7736 49.7403
55.5578 48.472
58.4606 51.4055
57.0862 47.8622
56.7873 48.4613
58.0555 48.9826
58.3622 50.0735
58.5196 49.4811
57.3326 48.7033
56.6585 49.2265
57.3998 49.6836
57.737 49.1869
58.2585 49.7789
54.0618 46.3938
54.8592 46.3711
51.5488 47.6386
53.415 47.3042
52.972 46.2685
54.8815 46.7238
52.4235 46.5843
56.1987 47.6543
57.0862 47.8622
56.7873 48.4613
57.4556 47.4279
57.3326 48.7033
56.6585 49.2265
55.4125 48.0214
56.5634 47.2081
54.8815 46.7238
54.0618 46.3938
54.8592 46.3711
51.5488 47.6386
52.972 46.2685
55.4125 48.0214
54.8815 46.7238
52.4235 46.5843
56.1987 47.6543
57.0862 47.8622
56.7873 48.4613
54.0618 46.3938
54.8592 46.3711
57.4556 47.4279
57.3326 48.7033
56.6585 49.2265
56.5634 47.2081
54.8815 46.7238
56.1987 47.6543
55.3827 45.595
54.0618 46.3938
54.8592 46.3711
56.7553 46.0383
52.972 46.2685
56.5634 47.2081
58.7194 48.5424
57.7736 49.7403
56.1987 47.6543
57.0862 47.8622
56.7873 48.4613
58.0555 48.9826
58.3622 50.0735
58.5196 49.4811
57.4556 47.4279
57.3326 48.7033
56.5634 47.2081
57.3998 49.6836
57.737 49.1869
58.2585 49.7789
59.2478 50.0004
59.7356 49.7598
58.7194 48.5424
59.449 48.8148
59.3447 49.1804
58.4606 51.4055
57.0862 47.8622
56.7873 48.4613
58.0555 48.9826
59.6422 50.369
58.3622 50.0735
58.5196 49.4811
57.3326 48.7033
59.521 50.334
59.653 50.2805
57.3998 49.6836
57.737 49.1869
59.5683 48.7885
58.2585 49.7789
57.2078 46.1888
57.0862 47.8622
56.7873 48.4613
54.8592 46.3711
57.4556 47.4279
57.3326 48.7033
56.7553 46.0383
56.5634 47.2081
57.737 49.1869
58.7194 48.5424
58.5191 47.3033
57.0862 47.8622
58.0555 48.9826
58.5196 49.4811
57.4556 47.4279
57.3326 48.7033
56.5634 47.2081
57.3998 49.6836
57.737 49.1869
58.2585 49.7789
58.7194 48.5424
58.5191 47.3033
59.449 48.8148
59.3447 49.1804
57.0862 47.8622
58.0555 48.9826
58.3622 50.0735
58.5196 49.4811
57.4556 47.4279
59.2039 47.8723
56.5634 47.2081
57.3998 49.6836
57.737 49.1869
58.2585 49.7789
59.2478 50.0004
58.7194 48.5424
59.3447 49.1804
58.4606 51.4055
57.0862 47.8622
58.0555 48.9826
58.3622 50.0735
58.5196 49.4811
57.737 49.1869
58.2585 49.7789
59.2478 50.0004
59.7356 49.7598
58.7194 48.5424
58.5191 47.3033
59.449 48.8148
59.3447 49.1804
57.0862 47.8622
58.0555 48.9826
58.3622 50.0735
58.5196 49.4811
57.4556 47.4279
59.2039 47.8723
59.521 50.334
59.5683 48.7885
58.2585 49.7789
50.4098 47.611
52.972 46.2685
52.4235 46.5843
50.1418 47.7553
50.1418 47.7553
54.0618 46.3938
52.972 46.2685
55.3827 45.595
54.8592 46.3711
52.972 46.2685
54.8592 46.3711
58.5247 52.3346
59.5457 51.8993
58.4606 51.4055
60.1145 52.4955
59.8156 54.5226
59.3106 52.4108
59.263 51.3952
59.3128 52.8687
59.98 52.9895
59.9998 52.7411
60.0471 53.5636
58.7299 52.7603
60.0208 52.1807
60.1013 52.4373
60.5848 52.2198
59.5457 51.8993
58.4606 51.4055
60.1145 52.4955
59.3106 52.4108
59.263 51.3952
59.9732 51.2243
59.3128 52.8687
59.98 52.9895
59.9998 52.7411
60.0471 53.5636
58.7299 52.7603
60.0208 52.1807
60.1013 52.4373
59.2478 50.0004
59.7356 49.7598
59.5457 51.8993
60.1145 52.4955
59.3106 52.4108
59.6422 50.369
59.263 51.3952
58.3622 50.0735
59.9732 51.2243
59.3128 52.8687
58.5196 49.4811
59.98 52.9895
60.4093 50.6151
59.9998 52.7411
58.7299 52.7603
59.521 50.334
59.653 50.2805
60.0208 52.1807
58.2585 49.7789
60.1013 52.4373
60.5848 52.2198
59.5457 51.8993
60.1145 52.4955
59.8156 54.5226
59.3106 52.4108
59.263 51.3952
59.9732 51.2243
59.3128 52.8687
59.98 52.9895
59.9998 52.7411
60.0471 53.5636
60.0208 52.1807
60.1013 52.4373
59.2478 50.0004
59.7356 49.7598
58.7194 48.5424
59.449 48.8148
59.3447 49.1804
59.5457 51.8993
58.0555 48.9826
59.6422 50.369
59.263 51.3952
59.9732 51.2243
58.5196 49.4811
60.4093 50.6151
60.4134 49.6396
59.521 50.334
59.653 50.2805
59.5683 48.7885
58.2585 49.7789
59.2478 50.0004
59.7356 49.7598
60.9273 51.8819
60.5848 52.2198
59.5457 51.8993
60.7032 51.3844
60.1145 52.4955
59.3106 52.4108
59.6422 50.369
59.9732 51.2243
59.3128 52.8687
58.5196 49.4811
59.98 52.9895
60.4093 50.6151
60.4134 49.6396
59.9998 52.7411
60.8717 50.1364
59.521 50.334
59.653 50.2805
60.0208 52.1807
58.2585 49.7789
60.1013 52.4373
59.2478 50.0004
59.7356 49.7598
58.7194 48.5424
59.449 48.8148
59.3447 49.1804
58.0555 48.9826
59.6422 50.369
58.5196 49.4811
59.2039 47.8723
60.4134 49.6396
59.521 50.334
59.653 50.2805
59.5683 48.7885
57.2078 46.1888
58.7194 48.5424
58.5191 47.3033
58.0555 48.9826
59.1253 47.136
58.5196 49.4811
57.4556 47.4279
59.2039 47.8723
56.7553 46.0383
56.5634 47.2081
59.2478 50.0004
59.7356 49.7598
58.7194 48.5424
58.5191 47.3033
59.449 48.8148
59.3447 49.1804
59.6422 50.369
59.1253 47.136
58.5196 49.4811
57.4556 47.4279
59.2039 47.8723
59.521 50.334
59.653 50.2805
59.5683 48.7885
59.2478 50.0004
59.7356 49.7598
58.7194 48.5424
58.5191 47.3033
59.449 48.8148
59.3447 49.1804
59.6422 50.369
60.5873 49.1632
59.2039 47.8723
60.4134 49.6396
59.521 50.334
59.653 50.2805
59.5683 48.7885
57.2078 46.1888
58.7194 48.5424
58.5191 47.3033
59.1253 47.136
59.2039 47.8723
56.7553 46.0383
56.5634 47.2081
57.2078 46.1888
58.5191 47.3033
55.3827 45.595
54.8592 46.3711
56.7553 46.0383
60.8336 48.9222
59.7356 49.7598
58.7194 48.5424
60.3656 48.2597
59.449 48.8148
59.3447 49.1804
60.9738 49.0234
59.5457 51.8993
60.7032 51.3844
59.6422 50.369
59.9732 51.2243
60.5873 49.1632
60.4093 50.6151
59.2039 47.8723
60.4134 49.6396
60.8717 50.1364
61.4236 50.1902
59.521 50.334
59.653 50.2805
61.0282 49.417
59.5683 48.7885
59.7356 49.7598
60.9273 51.8819
60.5848 52.2198
61.2136 52.9553
60.7032 51.3844
60.1145 52.4955
59.3106 52.4108
59.6422 50.369
61.279 52.7539
59.9732 51.2243
59.3128 52.8687
59.98 52.9895
60.4093 50.6151
59.9998 52.7411
60.0471 53.5636
61.706 51.8284
59.521 50.334
59.653 50.2805
60.0208 52.1807
61.1729 52.8805
60.1013 52.4373
60.9273 51.8819
60.5848 52.2198
61.2136 52.9553
60.7032 51.3844
60.1145 52.4955
59.8156 54.5226
59.6422 50.369
61.279 52.7539
59.9732 51.2243
59.3128 52.8687
59.98 52.9895
60.4093 50.6151
59.9998 52.7411
60.0471 53.5636
59.521 50.334
59.653 50.2805
60.0208 52.1807
61.1729 52.8805
60.1013 52.4373
60.8336 48.9222
59.7356 49.7598
60.9273 51.8819
58.7194 48.5424
59.449 48.8148
59.3447 49.1804
60.5848 52.2198
60.9738 49.0234
60.7032 51.3844
60.1145 52.4955
59.9732 51.2243
60.5873 49.1632
60.4093 50.6151
60.4134 49.6396
60.8717 50.1364
61.4236 50.1902
61.4897 49.6613
59.521 50.334
59.653 50.2805
60.0208 52.1807
61.0282 49.417
59.5683 48.7885
60.1013 52.4373
61.9316 51.4304
59.7356 49.7598
60.9273 51.8819
62.0789 51.5228
59.3447 49.1804
60.5848 52.2198
61.2136 52.9553
60.7032 51.3844
60.1145 52.4955
61.279 52.7539
59.3128 52.8687
59.98 52.9895
60.5873 49.1632
60.4093 50.6151
60.4134 49.6396
59.9998 52.7411
60.8717 50.1364
61.706 51.8284
61.4236 50.1902
61.4897 49.6613
59.521 50.334
59.653 50.2805
60.0208 52.1807
61.1729 52.8805
61.0282 49.417
60.1013 52.4373
60.9273 51.8819
60.5848 52.2198
61.2136 52.9553
60.7032 51.3844
60.1145 52.4955
59.8156 54.5226
61.279 52.7539
60.4728 54.6334
59.98 52.9895
59.9998 52.7411
60.0471 53.5636
60.0208 52.1807
61.1729 52.8805
60.1013 52.4373
60.8336 48.9222
59.7356 49.7598
60.9273 51.8819
58.7194 48.5424
59.449 48.8148
59.3447 49.1804
60.5848 52.2198
60.9738 49.0234
60.7032 51.3844
60.5873 49.1632
60.4093 50.6151
60.4134 49.6396
60.8717 50.1364
61.4236 50.1902
61.4897 49.6613
59.653 50.2805
60.0208 52.1807
61.0282 49.417
59.5683 48.7885
60.1013 52.4373
60.8336 48.9222
59.7356 49.7598
60.9273 51.8819
58.7194 48.5424
60.3656 48.2597
59.449 48.8148
59.3447 49.1804
60.5848 52.2198
60.9738 49.0234
60.7032 51.3844
60.5873 49.1632
61.4018 48.9816
60.4093 50.6151
60.4134 49.6396
60.8717 50.1364
61.4236 50.1902
61.4897 49.6613
60.0208 52.1807
61.0282 49.417
59.5683 48.7885
61.9316 51.4304
60.9273 51.8819
62.0789 51.5228
60.5848 52.2198
61.2136 52.9553
60.7032 51.3844
60.1145 52.4955
62.1493 51.8459
61.279 52.7539
59.98 52.9895
60.4093 50.6151
59.9998 52.7411
60.0471 53.5636
61.706 51.8284
61.1729 52.8805
60.1013 52.4373
60.8336 48.9222
59.7356 49.7598
60.6412 48.1051
60.3656 48.2597
58.5191 47.3033
59.449 48.8148
59.3447 49.1804
59.1253 47.136
60.5873 49.1632
59.2039 47.8723
60.4134 49.6396
60.0609 47.0652
59.5683 48.7885
55.3827 45.595
56.7553 46.0383
57.2078 46.1888
56.7553 46.0383
57.2078 46.1888
58.5191 47.3033
60.8336 48.9222
60.6412 48.1051
60.3656 48.2597
59.449 48.8148
59.3447 49.1804
60.9738 49.0234
61.1182 48.4688
60.7032 51.3844
60.5873 49.1632
61.4018 48.9816
60.4093 50.6151
59.2039 47.8723
60.4134 49.6396
60.8717 50.1364
61.4236 50.1902
61.7923 49.6681
61.4897 49.6613
61.5184 48.6499
61.0282 49.417
59.5683 48.7885
60.8336 48.9222
60.6412 48.1051
60.3656 48.2597
58.5191 47.3033
59.3447 49.1804
60.9738 49.0234
60.6245 47.3247
61.1182 48.4688
60.7962 47.6227
59.1253 47.136
60.5873 49.1632
61.4018 48.9816
60.4093 50.6151
59.2039 47.8723
60.4134 49.6396
60.8717 50.1364
61.5184 48.6499
60.0609 47.0652
61.0282 49.417
59.5683 48.7885
60.8336 48.9222
60.6412 48.1051
60.3656 48.2597
58.5191 47.3033
60.9738 49.0234
61.1182 48.4688
60.7962 47.6227
59.1253 47.136
60.5873 49.1632
61.4018 48.9816
60.4093 50.6151
59.2039 47.8723
60.4134 49.6396
60.8717 50.1364
61.4897 49.6613
61.0282 49.417
59.5683 48.7885
60.8336 48.9222
60.6412 48.1051
60.3656 48.2597
58.5191 47.3033
60.9738 49.0234
60.6245 47.3247
61.1182 48.4688
60.7962 47.6227
59.1253 47.136
60.5873 49.1632
61.4018 48.9816
60.4093 50.6151
59.2039 47.8723
60.4134 49.6396
60.8717 50.1364
61.4897 49.6613
61.5184 48.6499
60.0609 47.0652
61.0282 49.417
58.5191 47.3033
58.9716 45.5947
59.1253 47.136
59.6618 46.3119
60.3656 48.2597
59.3572 45.6
60.6245 47.3247
58.9716 45.5947
59.5368 45.3766
59.1253 47.136
59.2039 47.8723
60.0609 47.0652
60.449 46.2533
60.8336 48.9222
60.6412 48.1051
59.6618 46.3119
60.3656 48.2597
60.9738 49.0234
61.0418 46.8309
60.6245 47.3247
61.1182 48.4688
60.7962 47.6227
59.1253 47.136
60.5873 49.1632
60.4134 49.6396
60.0609 47.0652
60.449 46.2533
61.9316 51.4304
60.9273 51.8819
62.0789 51.5228
60.5848 52.2198
61.2136 52.9553
60.7032 51.3844
59.8156 54.5226
62.1493 51.8459
61.279 52.7539
60.4728 54.6334
59.98 52.9895
60.4093 50.6151
59.9998 52.7411
62.2248 52.7716
60.0471 53.5636
61.706 51.8284
61.1729 52.8805
60.1013 52.4373
61.2136 52.9553
59.1559 55.4078
60.4728 54.6334
59.98 52.9895
59.9998 52.7411
60.0471 53.5636
61.1729 52.8805
60.1013 52.4373
60.9273 51.8819
60.5848 52.2198
61.2136 52.9553
60.7032 51.3844
61.279 52.7539
60.4728 54.6334
59.9998 52.7411
60.0471 53.5636
61.706 51.8284
61.1729 52.8805
60.1013 52.4373
60.9273 51.8819
60.5848 52.2198
61.2136 52.9553
60.7032 51.3844
61.279 52.7539
60.4728 54.6334
60.4093 50.6151
60.0471 53.5636
61.706 51.8284
61.1729 52.8805
60.1013 52.4373
60.9273 51.8819
60.5848 52.2198
61.2136 52.9553
59.1559 55.4078
61.279 52.7539
60.4728 54.6334
61.1729 52.8805
60.1013 52.4373
61.9316 51.4304
60.9273 51.8819
62.0789 51.5228
60.5848 52.2198
61.2136 52.9553
60.7032 51.3844
62.1493 51.8459
61.279 52.7539
60.4093 50.6151
62.2248 52.7716
61.706 51.8284
61.1729 52.8805
61.9316 51.4304
62.3578 52.1653
60.9273 51.8819
62.0789 51.5228
61.2136 52.9553
60.7032 51.3844
62.1493 51.8459
61.279 52.7539
60.4093 50.6151
62.2248 52.7716
60.8717 50.1364
62.688 52.3462
62.1925 50.7962
61.706 51.8284
61.4236 50.1902
61.1729 52.8805
62.2406 50.5249
61.9316 51.4304
60.8336 48.9222
60.9273 51.8819
62.0789 51.5228
60.9738 49.0234
60.7032 51.3844
62.1493 51.8459
61.8609 48.9814
60.5873 49.1632
61.4018 48.9816
60.4134 49.6396
60.8717 50.1364
62.1925 50.7962
61.706 51.8284
61.4236 50.1902
61.7923 49.6681
61.4897 49.6613
62.2257 49.4508
61.0282 49.417
62.1986 50.5105
62.2406 50.5249
60.8336 48.9222
60.6412 48.1051
60.3656 48.2597
60.9738 49.0234
61.1182 48.4688
60.7962 47.6227
60.7032 51.3844
61.8609 48.9814
60.5873 49.1632
61.4018 48.9816
60.8717 50.1364
62.1925 50.7962
61.4236 50.1902
61.7923 49.6681
61.4897 49.6613
61.5184 48.6499
62.2257 49.4508
61.0282 49.417
62.1986 50.5105
62.2406 50.5249
61.9316 51.4304
62.3578 52.1653
62.0789 51.5228
62.6786 50.6878
61.2136 52.9553
62.7784 51.2468
60.7032 51.3844
62.1493 51.8459
61.279 52.7539
62.2248 52.7716
60.8717 50.1364
62.688 52.3462
62.1925 50.7962
61.706 51.8284
61.4236 50.1902
61.1729 52.8805
62.1986 50.5105
62.2406 50.5249
61.9316 51.4304
62.3578 52.1653
62.0789 51.5228
62.6786 50.6878
61.2136 52.9553
62.7784 51.2468
62.1493 51.8459
61.279 52.7539
62.2248 52.7716
60.8717 50.1364
62.1925 50.7962
61.706 51.8284
61.4236 50.1902
61.7923 49.6681
61.4897 49.6613
61.1729 52.8805
61.0282 49.417
62.1986 50.5105
62.2406 50.5249
61.9316 51.4304
60.8336 48.9222
60.6412 48.1051
62.0789 51.5228
60.3656 48.2597
62.6786 50.6878
60.9738 49.0234
61.1182 48.4688
62.1493 51.8459
61.8609 48.9814
60.5873 49.1632
61.4018 48.9816
62.7236 50.4818
62.1925 50.7962
61.706 51.8284
61.4236 50.1902
61.7923 49.6681
61.4897 49.6613
62.7985 50.6506
61.5184 48.6499
62.2257 49.4508
61.0282 49.417
62.1986 50.5105
60.6412 48.1051
59.6618 46.3119
60.3656 48.2597
59.3572 45.6
61.0418 46.8309
60.6245 47.3247
58.9716 45.5947
61.1166 46.5425
60.7962 47.6227
59.5368 45.3766
60.9872 46.2564
60.0609 47.0652
60.449 46.2533
61.1471 46.7464
62.2406 50.5249
60.8336 48.9222
60.6412 48.1051
60.3656 48.2597
61.8252 47.4471
60.9738 49.0234
60.6245 47.3247
61.1182 48.4688
60.7962 47.6227
61.8609 48.9814
61.4018 48.9816
61.4236 50.1902
61.7923 49.6681
61.5941 47.4065
61.4897 49.6613
61.5184 48.6499
60.0609 47.0652
62.2257 49.4508
61.0282 49.417
62.1986 50.5105
62.2406 50.5249
62.8299 48.2039
60.6412 48.1051
60.3656 48.2597
61.8252 47.4471
60.9738 49.0234
61.0418 46.8309
60.6245 47.3247
61.1182 48.4688
60.7962 47.6227
61.8609 48.9814
61.4018 48.9816
61.4236 50.1902
61.7923 49.6681
61.5941 47.4065
61.4897 49.6613
61.5184 48.6499
60.0609 47.0652
62.2257 49.4508
61.0282 49.417
61.1471 46.7464
62.1986 50.5105
60.6412 48.1051
59.6618 46.3119
61.8252 47.4471
60.9738 49.0234
61.0418 46.8309
60.6245 47.3247
61.1182 48.4688
61.1166 46.5425
60.7962 47.6227
61.8609 48.9814
60.9872 46.2564
61.7419 46.5953
61.4018 48.9816
62.1892 47.1101
61.7923 49.6681
61.5941 47.4065
61.4897 49.6613
61.5184 48.6499
60.0609 47.0652
61.0282 49.417
60.449 46.2533
61.1471 46.7464
62.2406 50.5249
62.8299 48.2039
60.6412 48.1051
61.8252 47.4471
61.0418 46.8309
60.6245 47.3247
61.1182 48.4688
60.7962 47.6227
61.8609 48.9814
62.9906 49.4305
61.4018 48.9816
62.1925 50.7962
61.4236 50.1902
61.7923 49.6681
61.5941 47.4065
61.4897 49.6613
61.5184 48.6499
60.0609 47.0652
62.2257 49.4508
61.0282 49.417
62.1986 50.5105
62.2406 50.5249
61.9316 51.4304
62.3578 52.1653
62.0789 51.5228
62.6786 50.6878
63.2383 49.5611
62.7784 51.2468
63.404 49.7901
61.1182 48.4688
62.1493 51.8459
61.8609 48.9814
62.9906 49.4305
61.4018 48.9816
62.7236 50.4818
63.321 50.1214
62.1925 50.7962
61.706 51.8284
61.7923 49.6681
61.4897 49.6613
62.7985 50.6506
61.5184 48.6499
62.2257 49.4508
61.0282 49.417
62.1986 50.5105
62.2406 50.5249
62.8299 48.2039
60.6412 48.1051
62.6786 50.6878
61.8252 47.4471
60.6245 47.3247
61.1182 48.4688
60.7962 47.6227
61.8609 48.9814
62.9906 49.4305
61.4018 48.9816
62.7236 50.4818
62.1925 50.7962
61.7923 49.6681
61.5941 47.4065
61.4897 49.6613
62.7985 50.6506
61.5184 48.6499
62.2257 49.4508
62.1986 50.5105
61.9316 51.4304
62.3578 52.1653
62.0789 51.5228
62.1493 51.8459
61.279 52.7539
60.4728 54.6334
62.2248 52.7716
62.688 52.3462
61.706 51.8284
62.2609 53.926
61.1729 52.8805
61.9316 51.4304
62.3578 52.1653
62.0789 51.5228
62.7784 51.2468
62.1493 51.8459
60.4728 54.6334
62.2248 52.7716
62.688 52.3462
62.1925 50.7962
61.706 51.8284
62.2609 53.926
61.1729 52.8805
62.2406 50.5249
61.9316 51.4304
62.3578 52.1653
62.0789 51.5228
62.6786 50.6878
63.595 51.0674
62.7784 51.2468
63.7349 52.3464
62.1493 51.8459
62.2248 52.7716
62.7236 50.4818
62.688 52.3462
62.1925 50.7962
61.7923 49.6681
62.2609 53.926
61.4897 49.6613
62.7985 50.6506
61.1729 52.8805
62.1986 50.5105
61.9316 51.4304
62.3578 52.1653
62.0789 51.5228
62.1493 51.8459
60.4728 54.6334
62.2248 52.7716
62.688 52.3462
62.2609 53.926
62.2406 50.5249
63.5018 49.4346
62.8299 48.2039
61.9316 51.4304
60.6412 48.1051
62.0789 51.5228
62.6786 50.6878
63.2383 49.5611
62.7784 51.2468
63.404 49.7901
61.1182 48.4688
60.7962 47.6227
61.8609 48.9814
62.9906 49.4305
61.4018 48.9816
62.7236 50.4818
63.321 50.1214
62.1925 50.7962
61.7923 49.6681
62.7985 50.6506
61.5184 48.6499
62.2257 49.4508
62.1986 50.5105
62.2406 50.5249
62.3578 52.1653
62.0789 51.5228
62.6786 50.6878
63.595 51.0674
62.7784 51.2468
63.7349 52.3464
62.1493 51.8459
62.2248 52.7716
62.7236 50.4818
62.688 52.3462
63.321 50.1214
62.1925 50.7962
61.7923 49.6681
62.7985 50.6506
62.2257 49.4508
62.1986 50.5105
62.2406 50.5249
62.3578 52.1653
62.6786 50.6878
63.9519 50.474
64.1172 51.8007
63.595 51.0674
62.7784 51.2468
63.404 49.7901
63.7349 52.3464
62.1493 51.8459
62.2248 52.7716
62.7236 50.4818
62.688 52.3462
63.321 50.1214
62.1925 50.7962
61.7923 49.6681
62.7985 50.6506
62.2257 49.4508
62.1986 50.5105
59.1559 55.4078
62.2609 53.926
62.2406 50.5249
63.5018 49.4346
62.8299 48.2039
62.3831 47.1733
60.6412 48.1051
62.6786 50.6878
63.2383 49.5611
61.8252 47.4471
63.404 49.7901
61.0418 46.8309
60.6245 47.3247
61.1182 48.4688
63.4304 48.3888
60.7962 47.6227
61.8609 48.9814
62.9906 49.4305
62.7236 50.4818
62.1925 50.7962
62.1892 47.1101
61.7923 49.6681
61.5941 47.4065
62.7985 50.6506
61.5184 48.6499
62.2257 49.4508
62.1986 50.5105
62.2406 50.5249
62.3578 52.1653
62.6786 50.6878
64.1172 51.8007
63.595 51.0674
62.7784 51.2468
63.7349 52.3464
63.6485 53.2394
62.2248 52.7716
62.7236 50.4818
62.688 52.3462
63.321 50.1214
62.1925 50.7962
64.2314 52.2167
62.2609 53.926
62.7985 50.6506
62.1986 50.5105
62.8299 48.2039
62.3831 47.1733
59.6618 46.3119
61.8252 47.4471
61.0418 46.8309
60.6245 47.3247
61.1182 48.4688
61.1166 46.5425
60.7962 47.6227
61.8609 48.9814
60.9872 46.2564
61.7419 46.5953
62.1892 47.1101
61.7923 49.6681
61.5941 47.4065
61.5184 48.6499
60.0609 47.0652
62.2257 49.4508
60.449 46.2533
61.1471 46.7464
61.629 45.8862
59.6618 46.3119
59.3572 45.6
61.8252 47.4471
61.0418 46.8309
60.6245 47.3247
61.1182 48.4688
58.9716 45.5947
61.1166 46.5425
60.7962 47.6227
59.5368 45.3766
60.9872 46.2564
61.7419 46.5953
62.1892 47.1101
61.1038 45.3725
61.5941 47.4065
61.5184 48.6499
60.449 46.2533
61.1471 46.7464
62.8299 48.2039
62.3831 47.1733
61.8252 47.4471
61.0418 46.8309
60.6245 47.3247
61.1166 46.5425
60.7962 47.6227
61.8609 48.9814
62.9906 49.4305
61.7419 46.5953
62.1892 47.1101
61.7923 49.6681
61.5941 47.4065
61.5184 48.6499
62.2257 49.4508
61.1471 46.7464
62.2406 50.5249
63.5018 49.4346
62.8299 48.2039
62.6786 50.6878
63.2383 49.5611
62.7784 51.2468
63.404 49.7901
63.4304 48.3888
61.8609 48.9814
62.9906 49.4305
62.7236 50.4818
63.321 50.1214
62.1925 50.7962
63.8716 49.4135
62.7985 50.6506
61.5184 48.6499
62.2257 49.4508
62.1986 50.5105
62.2406 50.5249
63.5018 49.4346
62.8299 48.2039
62.3831 47.1733
63.2383 49.5611
61.8252 47.4471
61.0418 46.8309
60.6245 47.3247
63.4304 48.3888
61.1166 46.5425
60.7962 47.6227
61.8609 48.9814
62.9906 49.4305
61.7419 46.5953
63.5841 47.9545
62.7236 50.4818
62.1892 47.1101
61.5941 47.4065
62.2257 49.4508
61.1471 46.7464
62.1986 50.5105
62.3831 47.1733
61.629 45.8862
59.6618 46.3119
59.3572 45.6
61.8252 47.4471
61.0418 46.8309
61.1166 46.5425
60.7962 47.6227
61.8609 48.9814
60.9872 46.2564
61.7419 46.5953
62.1892 47.1101
61.1038 45.3725
61.5941 47.4065
60.449 46.2533
61.1471 46.7464
62.8299 48.2039
62.3831 47.1733
61.629 45.8862
59.6618 46.3119
61.8252 47.4471
61.0418 46.8309
61.1166 46.5425
61.8609 48.9814
60.9872 46.2564
61.7419 46.5953
62.1892 47.1101
61.5941 47.4065
60.449 46.2533
61.1471 46.7464
59.6618 46.3119
59.3572 45.6
59.5368 45.3766
60.9872 46.2564
61.1038 45.3725
60.449 46.2533
61.629 45.8862
59.3572 45.6
61.0418 46.8309
61.1166 46.5425
59.5368 45.3766
60.9872 46.2564
61.7419 46.5953
61.1038 45.3725
60.449 46.2533
61.1471 46.7464
61.0418 46.8309
61.1166 46.5425
59.5368 45.3766
60.9872 46.2564
61.1038 45.3725
60.449 46.2533
61.1471 46.7464
61.629 45.8862
61.0418 46.8309
61.1166 46.5425
60.9872 46.2564
61.1038 45.3725
60.449 46.2533
61.1471 46.7464
62.3831 47.1733
61.629 45.8862
61.8252 47.4471
61.0418 46.8309
61.1166 46.5425
60.9872 46.2564
61.7419 46.5953
62.1892 47.1101
61.1038 45.3725
61.5941 47.4065
61.1471 46.7464
62.3831 47.1733
61.629 45.8862
61.8252 47.4471
61.1166 46.5425
60.9872 46.2564
61.7419 46.5953
62.1892 47.1101
61.1038 45.3725
61.5941 47.4065
61.1471 46.7464
62.3578 52.1653
62.6786 50.6878
64.1172 51.8007
63.595 51.0674
62.7784 51.2468
63.7349 52.3464
63.6485 53.2394
63.5797 53.6138
62.688 52.3462
62.1925 50.7962
64.2314 52.2167
62.2609 53.926
62.7985 50.6506
62.2406 50.5249
62.6786 50.6878
64.1172 51.8007
63.595 51.0674
62.7784 51.2468
63.7349 52.3464
63.6485 53.2394
63.5797 53.6138
62.7236 50.4818
62.688 52.3462
62.1925 50.7962
64.2314 52.2167
62.2609 53.926
62.7985 50.6506
62.1986 50.5105
62.2406 50.5249
62.6786 50.6878
64.1172 51.8007
63.595 51.0674
62.7784 51.2468
63.7349 52.3464
63.6485 53.2394
63.5797 53.6138
64.0479 54.0517
62.7236 50.4818
62.1925 50.7962
64.2314 52.2167
62.2609 53.926
62.7985 50.6506
64.7471 52.7069
62.1986 50.5105
62.2406 50.5249
63.5018 49.4346
62.6786 50.6878
63.2383 49.5611
63.9519 50.474
64.1172 51.8007
63.595 51.0674
62.7784 51.2468
63.404 49.7901
63.7349 52.3464
61.8609 48.9814
62.9906 49.4305
62.7236 50.4818
63.321 50.1214
63.8716 49.4135
62.7985 50.6506
62.2257 49.4508
62.1986 50.5105
63.5018 49.4346
62.6786 50.6878
63.2383 49.5611
63.9519 50.474
63.595 51.0674
62.7784 51.2468
63.404 49.7901
61.8609 48.9814
62.9906 49.4305
62.7236 50.4818
63.321 50.1214
63.8716 49.4135
62.7985 50.6506
62.2257 49.4508
62.1986 50.5105
63.5018 49.4346
62.8299 48.2039
62.3831 47.1733
63.9388 49.0033
62.6786 50.6878
63.2383 49.5611
61.8252 47.4471
63.404 49.7901
63.4304 48.3888
62.9906 49.4305
63.5841 47.9545
62.7236 50.4818
63.321 50.1214
62.1892 47.1101
61.5941 47.4065
63.8716 49.4135
62.7985 50.6506
62.2257 49.4508
62.1986 50.5105
63.5018 49.4346
62.8299 48.2039
63.9388 49.0033
62.6786 50.6878
63.2383 49.5611
63.9519 50.474
61.8252 47.4471
63.595 51.0674
62.7784 51.2468
63.404 49.7901
63.4304 48.3888
62.9906 49.4305
63.5841 47.9545
64.1911 49.2045
62.7236 50.4818
63.321 50.1214
61.5941 47.4065
63.8716 49.4135
62.7985 50.6506
64.3162 48.7909
62.1986 50.5105
63.5018 49.4346
62.6786 50.6878
63.2383 49.5611
63.9519 50.474
63.595 51.0674
62.7784 51.2468
63.404 49.7901
62.9906 49.4305
62.7236 50.4818
63.321 50.1214
63.8716 49.4135
62.7985 50.6506
63.5018 49.4346
63.9388 49.0033
63.2383 49.5611
63.9519 50.474
64.1172 51.8007
63.595 51.0674
62.7784 51.2468
63.404 49.7901
63.7349 52.3464
62.9906 49.4305
64.1911 49.2045
64.506 49.9383
62.7236 50.4818
63.321 50.1214
64.2314 52.2167
63.8716 49.4135
62.7985 50.6506
63.5018 49.4346
63.2383 49.5611
63.9519 50.474
64.1172 51.8007
63.595 51.0674
63.404 49.7901
63.7349 52.3464
62.9906 49.4305
63.6485 53.2394
64.506 49.9383
62.7236 50.4818
63.321 50.1214
64.2314 52.2167
63.8716 49.4135
62.7985 50.6506
63.5018 49.4346
63.9388 49.0033
63.2383 49.5611
63.9519 50.474
64.1172 51.8007
63.595 51.0674
63.404 49.7901
63.7349 52.3464
62.9906 49.4305
64.1911 49.2045
64.506 49.9383
63.321 50.1214
63.8716 49.4135
62.7985 50.6506
63.5018 49.4346
63.9388 49.0033
63.2383 49.5611
63.9519 50.474
64.1172 51.8007
63.595 51.0674
63.404 49.7901
63.7349 52.3464
62.9906 49.4305
64.1911 49.2045
64.506 49.9383
63.321 50.1214
64.2314 52.2167
63.8716 49.4135
62.3831 47.1733
61.629 45.8862
61.8252 47.4471
60.9872 46.2564
61.7419 46.5953
62.1892 47.1101
61.1038 45.3725
61.5941 47.4065
61.1471 46.7464
62.3831 47.1733
61.629 45.8862
61.8252 47.4471
61.7419 46.5953
62.1892 47.1101
61.1038 45.3725
61.5941 47.4065
61.1471 46.7464
62.3831 47.1733
61.629 45.8862
61.8252 47.4471
61.7419 46.5953
62.1892 47.1101
61.1038 45.3725
61.5941 47.4065
62.8299 48.2039
62.3831 47.1733
61.629 45.8862
63.4304 48.3888
61.7419 46.5953
63.5841 47.9545
63.7299 47.2131
62.1892 47.1101
61.1038 45.3725
61.5941 47.4065
62.8299 48.2039
62.3831 47.1733
61.629 45.8862
63.4304 48.3888
61.7419 46.5953
63.5841 47.9545
63.7299 47.2131
62.1892 47.1101
61.1038 45.3725
63.5018 49.4346
62.3831 47.1733
63.9388 49.0033
63.2383 49.5611
63.404 49.7901
63.4304 48.3888
64.2547 47.884
64.7084 48.4645
64.2422 46.9448
62.9906 49.4305
63.7503 46.3434
61.7419 46.5953
63.5841 47.9545
64.1911 49.2045
63.321 50.1214
63.7299 47.2131
62.1892 47.1101
63.8716 49.4135
64.3162 48.7909
64.574 48.6156
64.4596 47.0453
62.3831 47.1733
61.629 45.8862
63.7503 46.3434
63.7299 47.2131
62.1892 47.1101
61.1038 45.3725
62.3831 47.1733
61.629 45.8862
63.4304 48.3888
64.2422 46.9448
63.7503 46.3434
63.5841 47.9545
63.7299 47.2131
61.1038 45.3725
63.5018 49.4346
63.9388 49.0033
63.2383 49.5611
63.9519 50.474
63.595 51.0674
63.404 49.7901
63.4304 48.3888
64.2547 47.884
64.7084 48.4645
63.5841 47.9545
64.1911 49.2045
64.506 49.9383
63.321 50.1214
63.8716 49.4135
64.8979 49.2719
64.3162 48.7909
64.574 48.6156
63.5018 49.4346
63.9388 49.0033
63.9519 50.474
63.595 51.0674
63.404 49.7901
63.4304 48.3888
64.2547 47.884
64.7084 48.4645
65.0269 48.585
63.5841 47.9545
64.1911 49.2045
64.506 49.9383
63.321 50.1214
65.1181 50.1257
63.8716 49.4135
64.8979 49.2719
64.3162 48.7909
64.574 48.6156
63.5018 49.4346
63.9388 49.0033
63.9519 50.474
64.1172 51.8007
63.595 51.0674
63.4304 48.3888
64.2547 47.884
64.7084 48.4645
65.0269 48.585
63.5841 47.9545
64.1911 49.2045
64.506 49.9383
63.321 50.1214
65.1181 50.1257
63.8716 49.4135
64.8979 49.2719
64.3162 48.7909
64.574 48.6156
63.5018 49.4346
63.9388 49.0033
63.9519 50.474
64.1172 51.8007
63.595 51.0674
63.4304 48.3888
64.7084 48.4645
63.5841 47.9545
64.1911 49.2045
64.506 49.9383
65.1181 50.1257
63.8716 49.4135
64.8979 49.2719
64.3162 48.7909
64.574 48.6156
63.7282 54.6171
63.7349 52.3464
63.6485 53.2394
63.5797 53.6138
64.0479 54.0517
63.5018 49.4346
63.9388 49.0033
63.9519 50.474
64.1172 51.8007
63.7349 52.3464
65.214 52.4048
63.6485 53.2394
64.1911 49.2045
64.506 49.9383
64.2314 52.2167
65.1181 50.1257
63.8716 49.4135
64.8887 52.8234
64.7471 52.7069
63.9519 50.474
64.1172 51.8007
64.697 54.0362
65.214 52.4048
63.6485 53.2394
63.5797 53.6138
64.6726 53.3825
64.0479 54.0517
64.2314 52.2167
64.8887 52.8234
64.7471 52.7069
63.9388 49.0033
63.9519 50.474
65.0718 48.1868
63.4304 48.3888
64.2547 47.884
64.7084 48.4645
65.0269 48.585
63.5841 47.9545
64.1911 49.2045
64.506 49.9383
65.1181 50.1257
63.8716 49.4135
64.8979 49.2719
64.3162 48.7909
64.574 48.6156
65.3812 48.3718
63.9388 49.0033
64.1172 51.8007
66.1063 50.3296
63.4304 48.3888
64.7084 48.4645
65.0269 48.585
65.9466 49.568
64.1911 49.2045
64.506 49.9383
64.2314 52.2167
65.1181 50.1257
63.8716 49.4135
64.8979 49.2719
64.3162 48.7909
64.574 48.6156
65.214 52.4048
63.6485 53.2394
63.5797 53.6138
64.506 49.9383
64.6726 53.3825
64.2314 52.2167
65.1181 50.1257
64.8887 52.8234
64.7471 52.7069
61.629 45.8862
63.4304 48.3888
64.2547 47.884
64.2422 46.9448
63.7503 46.3434
63.5841 47.9545
63.7299 47.2131
64.4596 47.0453
63.9388 49.0033
65.0718 48.1868
64.2547 47.884
64.7084 48.4645
64.2422 46.9448
65.0269 48.585
63.7503 46.3434
63.5841 47.9545
64.1911 49.2045
64.506 49.9383
63.7299 47.2131
63.8716 49.4135
64.8979 49.2719
64.3162 48.7909
64.574 48.6156
65.3812 48.3718
64.4596 47.0453
64.697 54.0362
63.7282 54.6171
65.214 52.4048
63.5797 53.6138
64.6726 53.3825
64.0479 54.0517
64.2314 52.2167
64.8887 52.8234
64.7471 52.7069
65.1905 54.4699
64.697 54.0362
65.214 52.4048
63.5797 53.6138
64.6726 53.3825
64.0479 54.0517
66.3274 52.1393
64.8887 52.8234
64.7471 52.7069
63.7503 46.3434
61.1038 45.3725
63.9388 49.0033
65.0718 48.1868
64.2547 47.884
64.7084 48.4645
65.0269 48.585
65.9466 49.568
63.5841 47.9545
64.1911 49.2045
64.506 49.9383
65.1181 50.1257
64.8979 49.2719
64.3162 48.7909
64.574 48.6156
65.3812 48.3718
63.9388 49.0033
65.0718 48.1868
65.7528 47.6709
64.2547 47.884
64.7084 48.4645
64.2422 46.9448
65.0269 48.585
63.7503 46.3434
64.1911 49.2045
64.506 49.9383
65.2092 46.7054
63.7299 47.2131
64.8979 49.2719
64.3162 48.7909
64.574 48.6156
65.3812 48.3718
64.4596 47.0453
64.697 54.0362
63.7282 54.6171
65.214 52.4048
64.6726 53.3825
64.0479 54.0517
64.8887 52.8234
64.7471 52.7069
65.1905 54.4699
64.697 54.0362
63.7282 54.6171
65.214 52.4048
64.6726 53.3825
64.8887 52.8234
64.7471 52.7069
65.1905 54.4699
64.697 54.0362
63.7282 54.6171
65.214 52.4048
66.5863 51.565
64.6726 53.3825
66.3274 52.1393
64.8887 52.8234
65.1905 54.4699
65.0718 48.1868
64.2547 47.884
64.7084 48.4645
64.2422 46.9448
65.0269 48.585
65.9466 49.568
64.1911 49.2045
64.506 49.9383
63.7299 47.2131
65.1181 50.1257
64.8979 49.2719
64.3162 48.7909
64.574 48.6156
65.3812 48.3718
64.4596 47.0453
66.0807 49.9062
65.0718 48.1868
65.7528 47.6709
64.2547 47.884
64.7084 48.4645
66.2182 49.3286
65.0269 48.585
65.9466 49.568
64.506 49.9383
63.7299 47.2131
65.1181 50.1257
64.8979 49.2719
64.3162 48.7909
64.574 48.6156
65.3812 48.3718
64.4596 47.0453
66.0807 49.9062
65.0718 48.1868
65.7528 47.6709
64.2547 47.884
64.7084 48.4645
64.2422 46.9448
66.2182 49.3286
65.0269 48.585
65.9466 49.568
64.506 49.9383
63.7299 47.2131
65.1181 50.1257
64.8979 49.2719
64.574 48.6156
65.3812 48.3718
64.4596 47.0453
66.0807 49.9062
65.0718 48.1868
66.1063 50.3296
64.2547 47.884
64.7084 48.4645
66.2182 49.3286
65.0269 48.585
65.9466 49.568
66.5581 49.1822
65.1181 50.1257
64.8979 49.2719
64.574 48.6156
65.3812 48.3718
66.3184 51.1343
65.762 46.3952
65.0718 48.1868
65.7528 47.6709
64.2547 47.884
64.7084 48.4645
64.2422 46.9448
65.0269 48.585
63.7503 46.3434
65.2092 46.7054
64.574 48.6156
65.3812 48.3718
64.4596 47.0453
65.762 46.3952
65.0718 48.1868
65.7528 47.6709
64.7084 48.4645
64.2422 46.9448
65.0269 48.585
63.7503 46.3434
65.2092 46.7054
64.8979 49.2719
64.574 48.6156
65.3812 48.3718
64.4596 47.0453
66.0807 49.9062
65.0718 48.1868
65.7528 47.6709
64.2422 46.9448
66.2182 49.3286
65.0269 48.585
65.9466 49.568
66.5581 49.1822
65.2092 46.7054
65.1181 50.1257
64.8979 49.2719
64.574 48.6156
65.3812 48.3718
64.4596 47.0453
66.1642 45.9116
65.762 46.3952
65.0718 48.1868
65.7528 47.6709
65.0269 48.585
63.7503 46.3434
65.2092 46.7054
64.574 48.6156
65.3812 48.3718
64.4596 47.0453
65.762 46.3952
65.2092 46.7054
64.3393 44.2925
64.4596 47.0453
66.0807 49.9062
65.0718 48.1868
65.7528 47.6709
66.2182 49.3286
65.0269 48.585
65.9466 49.568
66.5581 49.1822
65.2092 46.7054
65.1181 50.1257
64.8979 49.2719
65.3812 48.3718
64.4596 47.0453
66.1642 45.9116
65.762 46.3952
65.0718 48.1868
65.7528 47.6709
65.0269 48.585
65.2092 46.7054
65.3812 48.3718
66.0807 49.9062
65.0718 48.1868
66.1063 50.3296
65.7528 47.6709
66.2182 49.3286
65.0269 48.585
65.9466 49.568
66.5581 49.1822
65.1181 50.1257
65.3812 48.3718
66.0807 49.9062
65.0718 48.1868
66.1063 50.3296
65.7528 47.6709
66.2182 49.3286
65.9466 49.568
66.5581 49.1822
65.2092 46.7054
65.1181 50.1257
65.3812 48.3718
66.0807 49.9062
65.0718 48.1868
66.1063 50.3296
66.2182 49.3286
65.9466 49.568
66.5581 49.1822
66.5863 51.565
66.9372 50.3754
65.3812 48.3718
67.0396 50.2176
66.3184 51.1343
64.697 54.0362
65.1897 55.9474
64.6726 53.3825
64.8887 52.8234
65.1905 54.4699
66.9547 53.4293
64.697 54.0362
66.5863 51.565
64.6726 53.3825
66.3274 52.1393
66.3184 51.1343
64.8887 52.8234
65.1905 54.4699
66.9547 53.4293
64.697 54.0362
66.5863 51.565
64.6726 53.3825
66.3274 52.1393
65.1905 54.4699
65.1897 55.9474
64.6726 53.3825
65.1905 54.4699
66.3274 52.1393
65.1905 54.4699
65.762 46.3952
66.0807 49.9062
65.7528 47.6709
66.2182 49.3286
65.9466 49.568
66.5581 49.1822
65.2092 46.7054
66.9034 47.3469
65.3812 48.3718
65.762 46.3952
66.0807 49.9062
66.1063 50.3296
65.7528 47.6709
66.2182 49.3286
65.9466 49.568
66.5581 49.1822
65.2092 46.7054
66.9034 47.3469
66.0807 49.9062
66.2182 49.3286
65.9466 49.568
66.5581 49.1822
66.5863 51.565
66.9372 50.3754
66.3274 52.1393
67.0396 50.2176
66.3184 51.1343
66.0807 49.9062
65.7528 47.6709
66.2182 49.3286
66.5581 49.1822
66.5863 51.565
66.9372 50.3754
67.0396 50.2176
66.3184 51.1343
66.9547 53.4293
65.1897 55.9474
66.9547 53.4293
66.5863 51.565
66.9372 50.3754
67.6019 53.3406
67.0396 50.2176
66.3184 51.1343
66.1642 45.9116
65.762 46.3952
66.2182 49.3286
66.5581 49.1822
65.2092 46.7054
66.9034 47.3469
66.1642 45.9116
65.762 46.3952
65.5832 44.6164
66.9034 47.3469
66.9547 53.4293
66.0807 49.9062
66.9372 50.3754
67.6019 53.3406
67.0396 50.2176
66.3184 51.1343
66.2182 49.3286
66.5581 49.1822
66.9372 50.3754
67.0396 50.2176
66.3184 51.1343
66.5581 49.1822
66.9372 50.3754
66.9034 47.3469
67.0396 50.2176
66.3184 51.1343
66.9372 50.3754
66.9034 47.3469
68.6335 49.7974
67.0396 50.2176
66.3184 51.1343
66.9372 50.3754
67.0396 50.2176
66.1642 45.9116
65.5832 44.6164
66.9034 47.3469
65.5832 44.6164
66.9034 47.3469
63.8224 42.5543
65.5832 44.6164
64.4312 44.2367
68.6335 49.7974
67.0396 50.2176
68.6335 49.7974
68.912 54.0271
67.6019 53.3406
69.5492 53.8313
68.912 54.0271
64.4312 44.2367
70.2336 49.1882
69.6373 50.1478
